,D,O,H,L,C,V
0,2018-01-01T22:00:00.000000000Z,1.20071,1.20812,1.20019,1.20580,35630
1,2018-01-02T22:00:00.000000000Z,1.20590,1.20666,1.20010,1.20144,31354
2,2018-01-03T22:00:00.000000000Z,1.20144,1.20890,1.20042,1.20683,35187
3,2018-01-04T22:00:00.000000000Z,1.20664,1.20834,1.20208,1.20297,36478
4,2018-01-07T22:00:00.000000000Z,1.20271,1.20522,1.19558,1.19687,27618
5,2018-01-08T22:00:00.000000000Z,1.19689,1.19756,1.19159,1.19369,30682
6,2018-01-09T22:00:00.000000000Z,1.19369,1.20182,1.19235,1.19474,53721
7,2018-01-10T22:00:00.000000000Z,1.19479,1.20592,1.19295,1.20320,56416
8,2018-01-11T22:00:00.000000000Z,1.20332,1.22193,1.20308,1.21968,72621
9,2018-01-14T22:00:00.000000000Z,1.21935,1.22968,1.21878,1.22636,58122
10,2018-01-15T22:00:00.000000000Z,1.22655,1.22832,1.21952,1.22607,62083
11,2018-01-16T22:00:00.000000000Z,1.22591,1.23230,1.21776,1.21854,79900
12,2018-01-17T22:00:00.000000000Z,1.21872,1.22650,1.21653,1.22390,62278
13,2018-01-18T22:00:00.000000000Z,1.22370,1.22954,1.22152,1.22211,63825
14,2018-01-21T22:00:00.000000000Z,1.22716,1.22743,1.22141,1.22614,46154
15,2018-01-22T22:00:00.000000000Z,1.22614,1.23062,1.22230,1.22990,54615
16,2018-01-23T22:00:00.000000000Z,1.23004,1.24154,1.22914,1.24080,77439
17,2018-01-24T22:00:00.000000000Z,1.24104,1.25374,1.23642,1.23980,177246
18,2018-01-25T22:00:00.000000000Z,1.23940,1.24940,1.23699,1.24296,107812
19,2018-01-28T22:00:00.000000000Z,1.24280,1.24324,1.23370,1.23827,75291
20,2018-01-29T22:00:00.000000000Z,1.23810,1.24543,1.23349,1.24024,79856
21,2018-01-30T22:00:00.000000000Z,1.24028,1.24748,1.23870,1.24138,102596
22,2018-01-31T22:00:00.000000000Z,1.24098,1.25233,1.23849,1.25079,83787
23,2018-02-01T22:00:00.000000000Z,1.25135,1.25184,1.24092,1.24566,96966
24,2018-02-04T22:00:00.000000000Z,1.24359,1.24750,1.23625,1.23671,101428
25,2018-02-05T22:00:00.000000000Z,1.23671,1.24346,1.23138,1.23770,133358
26,2018-02-06T22:00:00.000000000Z,1.23763,1.24064,1.22460,1.22630,75446
27,2018-02-07T22:00:00.000000000Z,1.22606,1.22950,1.22122,1.22470,104899
28,2018-02-08T22:00:00.000000000Z,1.22458,1.22871,1.22060,1.22512,98355
29,2018-02-11T22:00:00.000000000Z,1.22490,1.22978,1.22352,1.22912,53579
30,2018-02-12T22:00:00.000000000Z,1.22890,1.23711,1.22844,1.23521,55988
31,2018-02-13T22:00:00.000000000Z,1.23517,1.24654,1.22760,1.24505,93162
32,2018-02-14T22:00:00.000000000Z,1.24520,1.25108,1.24483,1.25066,76999
33,2018-02-15T22:00:00.000000000Z,1.25030,1.25560,1.23936,1.24097,76751
34,2018-02-18T22:00:00.000000000Z,1.24027,1.24354,1.23691,1.24074,48999
35,2018-02-19T22:00:00.000000000Z,1.24054,1.24123,1.23197,1.23372,63494
36,2018-02-20T22:00:00.000000000Z,1.23376,1.23600,1.22812,1.22854,81535
37,2018-02-21T22:00:00.000000000Z,1.22860,1.23524,1.22596,1.23314,63036
38,2018-02-22T22:00:00.000000000Z,1.23296,1.23376,1.22800,1.22957,48786
39,2018-02-25T22:00:00.000000000Z,1.22952,1.23550,1.22776,1.23176,51392
40,2018-02-26T22:00:00.000000000Z,1.23183,1.23464,1.22218,1.22333,68726
41,2018-02-27T22:00:00.000000000Z,1.22333,1.22415,1.21874,1.21946,58761
42,2018-02-28T22:00:00.000000000Z,1.21932,1.22736,1.21542,1.22666,77199
43,2018-03-01T22:00:00.000000000Z,1.22620,1.23360,1.22514,1.23183,68139
44,2018-03-04T22:00:00.000000000Z,1.23336,1.23656,1.22689,1.23358,70397
45,2018-03-05T22:00:00.000000000Z,1.23358,1.24205,1.23284,1.24050,60303
46,2018-03-06T22:00:00.000000000Z,1.24070,1.24464,1.23849,1.24114,66027
47,2018-03-07T22:00:00.000000000Z,1.24114,1.24465,1.22978,1.23122,79137
48,2018-03-08T22:00:00.000000000Z,1.23114,1.23346,1.22728,1.23059,64098
49,2018-03-11T21:00:00.000000000Z,1.23138,1.23456,1.22904,1.23347,37231
50,2018-03-12T21:00:00.000000000Z,1.23395,1.24075,1.23146,1.23904,56176
51,2018-03-13T21:00:00.000000000Z,1.23908,1.24126,1.23471,1.23678,47824
52,2018-03-14T21:00:00.000000000Z,1.23658,1.23840,1.23002,1.23048,45401
53,2018-03-15T21:00:00.000000000Z,1.23048,1.23362,1.22604,1.22895,40632
54,2018-03-18T21:00:00.000000000Z,1.22863,1.23590,1.22580,1.23354,50420
55,2018-03-19T21:00:00.000000000Z,1.23354,1.23546,1.22398,1.22412,45948
56,2018-03-20T21:00:00.000000000Z,1.22412,1.23498,1.22405,1.23376,75552
57,2018-03-21T21:00:00.000000000Z,1.23410,1.23884,1.22853,1.23013,66038
58,2018-03-22T21:00:00.000000000Z,1.23005,1.23738,1.22999,1.23524,56603
59,2018-03-25T21:00:00.000000000Z,1.23500,1.24616,1.23500,1.24451,45028
60,2018-03-26T21:00:00.000000000Z,1.24479,1.24767,1.23722,1.24028,50930
61,2018-03-27T21:00:00.000000000Z,1.24028,1.24218,1.22999,1.23079,53275
62,2018-03-28T21:00:00.000000000Z,1.23086,1.23366,1.22842,1.22998,46145
63,2018-03-29T21:00:00.000000000Z,1.23015,1.23312,1.22904,1.23241,21400
64,2018-04-01T21:00:00.000000000Z,1.23213,1.23450,1.22814,1.23020,26660
65,2018-04-02T21:00:00.000000000Z,1.23024,1.23362,1.22534,1.22706,43925
66,2018-04-03T21:00:00.000000000Z,1.22686,1.23148,1.22569,1.22777,42892
67,2018-04-04T21:00:00.000000000Z,1.22787,1.22902,1.22184,1.22398,39823
68,2018-04-05T21:00:00.000000000Z,1.22398,1.22912,1.22149,1.22811,60781
69,2018-04-08T21:00:00.000000000Z,1.22870,1.23311,1.22604,1.23209,46133
70,2018-04-09T21:00:00.000000000Z,1.23189,1.23776,1.23027,1.23560,54193
71,2018-04-10T21:00:00.000000000Z,1.23543,1.23976,1.23470,1.23674,46190
72,2018-04-11T21:00:00.000000000Z,1.23658,1.23799,1.22991,1.23260,49137
73,2018-04-12T21:00:00.000000000Z,1.23278,1.23462,1.23070,1.23306,37690
74,2018-04-15T21:00:00.000000000Z,1.23342,1.23948,1.23240,1.23792,35426
75,2018-04-16T21:00:00.000000000Z,1.23815,1.24140,1.23362,1.23698,37050
76,2018-04-17T21:00:00.000000000Z,1.23733,1.23973,1.23416,1.23742,43255
77,2018-04-18T21:00:00.000000000Z,1.23742,1.24004,1.23292,1.23451,47499
78,2018-04-19T21:00:00.000000000Z,1.23472,1.23528,1.22498,1.22884,44915
79,2018-04-22T21:00:00.000000000Z,1.22735,1.22896,1.21975,1.22083,43453
80,2018-04-23T21:00:00.000000000Z,1.22083,1.22449,1.21817,1.22330,47020
81,2018-04-24T21:00:00.000000000Z,1.22330,1.22388,1.21604,1.21608,41689
82,2018-04-25T21:00:00.000000000Z,1.21615,1.22101,1.20965,1.21032,65983
83,2018-04-26T21:00:00.000000000Z,1.21058,1.21330,1.20556,1.21303,48798
84,2018-04-29T21:00:00.000000000Z,1.21245,1.21390,1.20646,1.20790,45831
85,2018-04-30T21:00:00.000000000Z,1.20775,1.20842,1.19812,1.19920,41295
86,2018-05-01T21:00:00.000000000Z,1.19930,1.20320,1.19376,1.19506,70551
87,2018-05-02T21:00:00.000000000Z,1.19517,1.20089,1.19474,1.19889,63454
88,2018-05-03T21:00:00.000000000Z,1.19880,1.19956,1.19102,1.19619,55412
89,2018-05-06T21:00:00.000000000Z,1.19581,1.19782,1.18972,1.19228,36386
90,2018-05-07T21:00:00.000000000Z,1.19239,1.19391,1.18380,1.18644,57703
91,2018-05-08T21:00:00.000000000Z,1.18616,1.18970,1.18224,1.18512,50014
92,2018-05-09T21:00:00.000000000Z,1.18495,1.19466,1.18432,1.19156,67964
93,2018-05-10T21:00:00.000000000Z,1.19156,1.19682,1.18912,1.19410,45179
94,2018-05-13T21:00:00.000000000Z,1.19436,1.19964,1.19260,1.19266,40490
95,2018-05-14T21:00:00.000000000Z,1.19229,1.19387,1.18202,1.18374,60566
96,2018-05-15T21:00:00.000000000Z,1.18394,1.18542,1.17632,1.18080,71967
97,2018-05-16T21:00:00.000000000Z,1.18063,1.18376,1.17763,1.17941,61176
98,2018-05-17T21:00:00.000000000Z,1.17948,1.18222,1.17499,1.17694,46549
99,2018-05-20T21:00:00.000000000Z,1.17728,1.17958,1.17164,1.17912,42299
100,2018-05-21T21:00:00.000000000Z,1.17888,1.18301,1.17566,1.17779,51881
101,2018-05-22T21:00:00.000000000Z,1.17810,1.17897,1.16756,1.16972,81175
102,2018-05-23T21:00:00.000000000Z,1.16962,1.17506,1.16905,1.17194,66651
103,2018-05-24T21:00:00.000000000Z,1.17215,1.17339,1.16453,1.16490,64344
104,2018-05-27T21:00:00.000000000Z,1.16868,1.17288,1.16074,1.16239,53511
105,2018-05-28T21:00:00.000000000Z,1.16247,1.16397,1.15100,1.15386,90807
106,2018-05-29T21:00:00.000000000Z,1.15352,1.16766,1.15184,1.16642,92402
107,2018-05-30T21:00:00.000000000Z,1.16628,1.17244,1.16410,1.16941,83092
108,2018-05-31T21:00:00.000000000Z,1.16902,1.17182,1.16174,1.16591,81158
109,2018-06-03T21:00:00.000000000Z,1.16591,1.17446,1.16591,1.16986,54201
110,2018-06-04T21:00:00.000000000Z,1.16969,1.17324,1.16525,1.17184,60668
111,2018-06-05T21:00:00.000000000Z,1.17129,1.17959,1.17124,1.17744,57923
112,2018-06-06T21:00:00.000000000Z,1.17752,1.18399,1.17727,1.17990,62212
113,2018-06-07T21:00:00.000000000Z,1.18014,1.18104,1.17270,1.17690,57780
114,2018-06-10T21:00:00.000000000Z,1.17752,1.18204,1.17710,1.17845,43072
115,2018-06-11T21:00:00.000000000Z,1.17825,1.18089,1.17332,1.17436,56915
116,2018-06-12T21:00:00.000000000Z,1.17462,1.18011,1.17254,1.17930,63126
117,2018-06-13T21:00:00.000000000Z,1.17916,1.18518,1.15627,1.15677,89311
118,2018-06-14T21:00:00.000000000Z,1.15691,1.16272,1.15431,1.16089,69625
119,2018-06-17T21:00:00.000000000Z,1.15884,1.16246,1.15654,1.16232,43908
120,2018-06-18T21:00:00.000000000Z,1.16232,1.16446,1.15310,1.15916,75009
121,2018-06-19T21:00:00.000000000Z,1.15896,1.16003,1.15356,1.15761,60759
122,2018-06-20T21:00:00.000000000Z,1.15730,1.16338,1.15080,1.16028,84865
123,2018-06-21T21:00:00.000000000Z,1.16035,1.16754,1.16004,1.16574,76671
124,2018-06-24T21:00:00.000000000Z,1.16647,1.17134,1.16284,1.17037,65830
125,2018-06-25T21:00:00.000000000Z,1.17042,1.17212,1.16348,1.16465,71193
126,2018-06-26T21:00:00.000000000Z,1.16457,1.16720,1.15403,1.15542,75596
127,2018-06-27T21:00:00.000000000Z,1.15534,1.16010,1.15272,1.15690,80665
128,2018-06-28T21:00:00.000000000Z,1.15664,1.16904,1.15584,1.16847,99816
129,2018-07-01T21:00:00.000000000Z,1.16803,1.16918,1.15914,1.16392,56859
130,2018-07-02T21:00:00.000000000Z,1.16392,1.16730,1.16205,1.16590,50716
131,2018-07-03T21:00:00.000000000Z,1.16570,1.16818,1.16304,1.16560,47730
132,2018-07-04T21:00:00.000000000Z,1.16567,1.17202,1.16500,1.16918,56477
133,2018-07-05T21:00:00.000000000Z,1.16899,1.17684,1.16798,1.17457,53246
134,2018-07-08T21:00:00.000000000Z,1.17444,1.17908,1.17326,1.17509,48280
135,2018-07-09T21:00:00.000000000Z,1.17557,1.17628,1.16904,1.17444,44005
136,2018-07-10T21:00:00.000000000Z,1.17427,1.17588,1.16656,1.16743,66462
137,2018-07-11T21:00:00.000000000Z,1.16729,1.16962,1.16496,1.16719,56354
138,2018-07-12T21:00:00.000000000Z,1.16707,1.16873,1.16128,1.16858,51209
139,2018-07-15T21:00:00.000000000Z,1.16908,1.17256,1.16758,1.17112,44882
140,2018-07-16T21:00:00.000000000Z,1.17096,1.17448,1.16494,1.16618,52923
141,2018-07-17T21:00:00.000000000Z,1.16599,1.16652,1.16018,1.16392,52562
142,2018-07-18T21:00:00.000000000Z,1.16386,1.16789,1.15748,1.16418,80187
143,2018-07-19T21:00:00.000000000Z,1.16453,1.17386,1.16264,1.17227,88988
144,2018-07-22T21:00:00.000000000Z,1.17266,1.17514,1.16836,1.16910,50640
145,2018-07-23T21:00:00.000000000Z,1.16906,1.17168,1.16546,1.16831,56073
146,2018-07-24T21:00:00.000000000Z,1.16814,1.17388,1.16642,1.17297,60380
147,2018-07-25T21:00:00.000000000Z,1.17327,1.17438,1.16403,1.16416,60116
148,2018-07-26T21:00:00.000000000Z,1.16416,1.16644,1.16204,1.16568,45995
149,2018-07-29T21:00:00.000000000Z,1.16570,1.17188,1.16484,1.17053,32520
150,2018-07-30T21:00:00.000000000Z,1.17059,1.17462,1.16844,1.16908,48742
151,2018-07-31T21:00:00.000000000Z,1.16930,1.16996,1.16574,1.16592,46203
152,2018-08-01T21:00:00.000000000Z,1.16588,1.16676,1.15816,1.15844,43238
153,2018-08-02T21:00:00.000000000Z,1.15872,1.16109,1.15596,1.15674,51501
154,2018-08-05T21:00:00.000000000Z,1.15688,1.15720,1.15298,1.15527,31761
155,2018-08-06T21:00:00.000000000Z,1.15536,1.16084,1.15500,1.15982,34180
156,2018-08-07T21:00:00.000000000Z,1.15992,1.16280,1.15732,1.16104,33812
157,2018-08-08T21:00:00.000000000Z,1.16106,1.16192,1.15256,1.15263,36446
158,2018-08-09T21:00:00.000000000Z,1.15278,1.15368,1.13882,1.14119,94064
159,2018-08-12T21:00:00.000000000Z,1.13715,1.14328,1.13652,1.14094,75061
160,2018-08-13T21:00:00.000000000Z,1.14112,1.14294,1.13300,1.13436,54349
161,2018-08-14T21:00:00.000000000Z,1.13460,1.13554,1.13010,1.13462,57188
162,2018-08-15T21:00:00.000000000Z,1.13462,1.14091,1.13358,1.13762,61294
163,2018-08-16T21:00:00.000000000Z,1.13762,1.14450,1.13666,1.14376,50295
164,2018-08-19T21:00:00.000000000Z,1.14395,1.14853,1.13946,1.14825,38513
165,2018-08-20T21:00:00.000000000Z,1.14812,1.16015,1.14810,1.15707,58070
166,2018-08-21T21:00:00.000000000Z,1.15712,1.16230,1.15532,1.15964,49474
167,2018-08-22T21:00:00.000000000Z,1.15944,1.16002,1.15299,1.15416,49313
168,2018-08-23T21:00:00.000000000Z,1.15375,1.16402,1.15346,1.16220,52689
169,2018-08-26T21:00:00.000000000Z,1.16154,1.16940,1.15947,1.16783,41573
170,2018-08-27T21:00:00.000000000Z,1.16790,1.17337,1.16623,1.16948,46904
171,2018-08-28T21:00:00.000000000Z,1.16960,1.17098,1.16521,1.17074,52113
172,2018-08-29T21:00:00.000000000Z,1.17060,1.17185,1.16416,1.16682,51517
173,2018-08-30T21:00:00.000000000Z,1.16666,1.16912,1.15844,1.16019,64060
174,2018-09-02T21:00:00.000000000Z,1.15982,1.16279,1.15894,1.16204,34705
175,2018-09-03T21:00:00.000000000Z,1.16198,1.16214,1.15302,1.15830,46399
176,2018-09-04T21:00:00.000000000Z,1.15806,1.16410,1.15432,1.16308,55753
177,2018-09-05T21:00:00.000000000Z,1.16308,1.16594,1.16054,1.16234,51070
178,2018-09-06T21:00:00.000000000Z,1.16216,1.16496,1.15505,1.15521,62733
179,2018-09-09T21:00:00.000000000Z,1.15477,1.16164,1.15260,1.15938,36646
180,2018-09-10T21:00:00.000000000Z,1.15952,1.16440,1.15656,1.16044,41155
181,2018-09-11T21:00:00.000000000Z,1.16065,1.16500,1.15702,1.16270,45271
182,2018-09-12T21:00:00.000000000Z,1.16267,1.17012,1.16090,1.16901,45321
183,2018-09-13T21:00:00.000000000Z,1.16901,1.17218,1.16207,1.16250,43526
184,2018-09-16T21:00:00.000000000Z,1.16260,1.16980,1.16178,1.16838,31421
185,2018-09-17T21:00:00.000000000Z,1.16851,1.17248,1.16520,1.16676,50868
186,2018-09-18T21:00:00.000000000Z,1.16654,1.17152,1.16500,1.16718,44841
187,2018-09-19T21:00:00.000000000Z,1.16738,1.17846,1.16688,1.17776,54279
188,2018-09-20T21:00:00.000000000Z,1.17776,1.18030,1.17331,1.17482,48982
189,2018-09-23T21:00:00.000000000Z,1.17457,1.18151,1.17240,1.17470,40595
190,2018-09-24T21:00:00.000000000Z,1.17490,1.17926,1.17308,1.17666,41864
191,2018-09-25T21:00:00.000000000Z,1.17660,1.17976,1.17258,1.17409,57517
192,2018-09-26T21:00:00.000000000Z,1.17386,1.17572,1.16390,1.16410,61026
193,2018-09-27T21:00:00.000000000Z,1.16410,1.16514,1.15698,1.16027,50533
194,2018-09-30T21:00:00.000000000Z,1.16182,1.16253,1.15634,1.15780,41330
195,2018-10-01T21:00:00.000000000Z,1.15792,1.15808,1.15052,1.15493,46326
196,2018-10-02T21:00:00.000000000Z,1.15496,1.15940,1.14640,1.14786,63248
197,2018-10-03T21:00:00.000000000Z,1.14736,1.15430,1.14636,1.15141,54718
198,2018-10-04T21:00:00.000000000Z,1.15160,1.15502,1.14838,1.15221,58505
199,2018-10-07T21:00:00.000000000Z,1.15231,1.15298,1.14600,1.14916,37216
200,2018-10-08T21:00:00.000000000Z,1.14879,1.15035,1.14322,1.14920,57076
201,2018-10-09T21:00:00.000000000Z,1.14904,1.15451,1.14798,1.15210,55116
202,2018-10-10T21:00:00.000000000Z,1.15219,1.15996,1.15201,1.15936,84171
203,2018-10-11T21:00:00.000000000Z,1.15873,1.16106,1.15344,1.15597,54772
204,2018-10-14T21:00:00.000000000Z,1.15404,1.16064,1.15397,1.15788,44618
205,2018-10-15T21:00:00.000000000Z,1.15795,1.16216,1.15658,1.15747,44825
206,2018-10-16T21:00:00.000000000Z,1.15734,1.15802,1.14962,1.15000,53878
207,2018-10-17T21:00:00.000000000Z,1.15014,1.15272,1.14496,1.14526,59044
208,2018-10-18T21:00:00.000000000Z,1.14538,1.15348,1.14332,1.15142,62675
209,2018-10-21T21:00:00.000000000Z,1.15164,1.15503,1.14558,1.14647,47072
210,2018-10-22T21:00:00.000000000Z,1.14647,1.14898,1.14396,1.14721,55514
211,2018-10-23T21:00:00.000000000Z,1.14728,1.14770,1.13786,1.13914,64946
212,2018-10-24T21:00:00.000000000Z,1.13926,1.14328,1.13561,1.13748,60657
213,2018-10-25T21:00:00.000000000Z,1.13741,1.14208,1.13357,1.14033,62251
214,2018-10-28T21:00:00.000000000Z,1.13934,1.14165,1.13607,1.13732,53323
215,2018-10-29T21:00:00.000000000Z,1.13732,1.13878,1.13404,1.13452,47796
216,2018-10-30T21:00:00.000000000Z,1.13442,1.13604,1.13020,1.13117,56138
217,2018-10-31T21:00:00.000000000Z,1.13114,1.14244,1.13078,1.14088,58126
218,2018-11-01T21:00:00.000000000Z,1.14078,1.14562,1.13720,1.13875,66612
219,2018-11-04T22:00:00.000000000Z,1.13883,1.14242,1.13534,1.14066,45338
220,2018-11-05T22:00:00.000000000Z,1.14062,1.14381,1.13916,1.14268,43197
221,2018-11-06T22:00:00.000000000Z,1.14270,1.15004,1.13951,1.14254,84820
222,2018-11-07T22:00:00.000000000Z,1.14266,1.14470,1.13515,1.13631,60403
223,2018-11-08T22:00:00.000000000Z,1.13643,1.13694,1.13160,1.13371,58738
224,2018-11-11T22:00:00.000000000Z,1.13232,1.13314,1.12155,1.12173,56937
225,2018-11-12T22:00:00.000000000Z,1.12184,1.12940,1.12164,1.12907,66773
226,2018-11-13T22:00:00.000000000Z,1.12898,1.13480,1.12632,1.13094,88609
227,2018-11-14T22:00:00.000000000Z,1.13084,1.13627,1.12706,1.13288,88462
228,2018-11-15T22:00:00.000000000Z,1.13248,1.14207,1.13216,1.14184,63116
229,2018-11-18T22:00:00.000000000Z,1.14138,1.14649,1.13940,1.14526,42887
230,2018-11-19T22:00:00.000000000Z,1.14558,1.14722,1.13586,1.13705,53042
231,2018-11-20T22:00:00.000000000Z,1.13676,1.14251,1.13654,1.13852,49349
232,2018-11-21T22:00:00.000000000Z,1.13833,1.14338,1.13810,1.14013,41194
233,2018-11-22T22:00:00.000000000Z,1.14042,1.14212,1.13276,1.13359,43358
234,2018-11-25T22:00:00.000000000Z,1.13406,1.13834,1.13250,1.13276,44249
235,2018-11-26T22:00:00.000000000Z,1.13271,1.13440,1.12774,1.12933,54367
236,2018-11-27T22:00:00.000000000Z,1.12904,1.13880,1.12674,1.13667,62236
237,2018-11-28T22:00:00.000000000Z,1.13685,1.14018,1.13492,1.13930,51516
238,2018-11-29T22:00:00.000000000Z,1.13867,1.14006,1.13054,1.13159,46504
239,2018-12-02T22:00:00.000000000Z,1.13520,1.13796,1.13193,1.13544,48806
240,2018-12-03T22:00:00.000000000Z,1.13537,1.14187,1.13186,1.13433,60446
241,2018-12-04T22:00:00.000000000Z,1.13438,1.13614,1.13110,1.13444,37483
242,2018-12-05T22:00:00.000000000Z,1.13448,1.14125,1.13212,1.13768,74113
243,2018-12-06T22:00:00.000000000Z,1.13739,1.14239,1.13603,1.13795,65511
244,2018-12-09T22:00:00.000000000Z,1.13922,1.14428,1.13506,1.13552,68420
245,2018-12-10T22:00:00.000000000Z,1.13544,1.14007,1.13062,1.13180,56356
246,2018-12-11T22:00:00.000000000Z,1.13164,1.13876,1.13148,1.13687,62390
247,2018-12-12T22:00:00.000000000Z,1.13695,1.13935,1.13312,1.13576,58567
248,2018-12-13T22:00:00.000000000Z,1.13612,1.13670,1.12701,1.13052,52626
249,2018-12-16T22:00:00.000000000Z,1.13028,1.13579,1.12998,1.13476,23879
250,2018-12-17T22:00:00.000000000Z,1.13476,1.14024,1.13370,1.13630,26001
251,2018-12-18T22:00:00.000000000Z,1.13652,1.14392,1.13618,1.13772,41716
252,2018-12-19T22:00:00.000000000Z,1.13758,1.14856,1.13696,1.14456,41035
253,2018-12-20T22:00:00.000000000Z,1.14475,1.14742,1.13561,1.13718,35475
254,2018-12-23T22:00:00.000000000Z,1.13728,1.14386,1.13614,1.14067,37197
255,2018-12-25T22:00:00.000000000Z,1.14067,1.14202,1.13432,1.13522,27378
256,2018-12-26T22:00:00.000000000Z,1.13536,1.14542,1.13524,1.14306,40601
257,2018-12-27T22:00:00.000000000Z,1.14296,1.14728,1.14274,1.14448,32071
258,2018-12-30T22:00:00.000000000Z,1.14372,1.14682,1.14216,1.14649,25151
259,2019-01-01T22:00:00.000000000Z,1.14649,1.14970,1.13250,1.13447,35508
260,2019-01-02T22:00:00.000000000Z,1.13431,1.14112,1.13091,1.13942,54135
261,2019-01-03T22:00:00.000000000Z,1.13930,1.14190,1.13458,1.13951,41022
262,2019-01-06T22:00:00.000000000Z,1.13974,1.14827,1.13972,1.14748,25648
263,2019-01-07T22:00:00.000000000Z,1.14773,1.14848,1.14219,1.14417,25474
264,2019-01-08T22:00:00.000000000Z,1.14417,1.15584,1.14364,1.15426,39158
265,2019-01-09T22:00:00.000000000Z,1.15420,1.15702,1.14846,1.15002,32717
266,2019-01-10T22:00:00.000000000Z,1.14996,1.15406,1.14582,1.14687,31499
267,2019-01-13T22:00:00.000000000Z,1.14609,1.14820,1.14508,1.14684,25568
268,2019-01-14T22:00:00.000000000Z,1.14684,1.14898,1.13822,1.14130,37543
269,2019-01-15T22:00:00.000000000Z,1.14114,1.14248,1.13779,1.13914,25310
270,2019-01-16T22:00:00.000000000Z,1.13940,1.14060,1.13702,1.13892,25488
271,2019-01-17T22:00:00.000000000Z,1.13884,1.14104,1.13532,1.13620,22898
272,2019-01-20T22:00:00.000000000Z,1.13616,1.13914,1.13569,1.13658,17356
273,2019-01-21T22:00:00.000000000Z,1.13672,1.13738,1.13360,1.13596,20469
274,2019-01-22T22:00:00.000000000Z,1.13606,1.13946,1.13508,1.13807,20044
275,2019-01-23T22:00:00.000000000Z,1.13811,1.13915,1.12894,1.13050,39217
276,2019-01-24T22:00:00.000000000Z,1.13034,1.14176,1.13004,1.14057,31133
277,2019-01-27T22:00:00.000000000Z,1.14016,1.14439,1.13904,1.14262,20895
278,2019-01-28T22:00:00.000000000Z,1.14292,1.14502,1.14113,1.14328,26093
279,2019-01-29T22:00:00.000000000Z,1.14318,1.15018,1.14063,1.14800,29910
280,2019-01-30T22:00:00.000000000Z,1.14800,1.15144,1.14360,1.14474,23932
281,2019-01-31T22:00:00.000000000Z,1.14478,1.14884,1.14345,1.14562,20845
282,2019-02-03T22:00:00.000000000Z,1.14521,1.14603,1.14244,1.14376,14438
283,2019-02-04T22:00:00.000000000Z,1.14376,1.14404,1.14011,1.14042,14734
284,2019-02-05T22:00:00.000000000Z,1.14050,1.14096,1.13608,1.13618,14020
285,2019-02-06T22:00:00.000000000Z,1.13638,1.13689,1.13247,1.13394,14822
286,2019-02-07T22:00:00.000000000Z,1.13402,1.13509,1.13212,1.13224,12190
287,2019-02-10T22:00:00.000000000Z,1.13202,1.13300,1.12674,1.12756,13044
288,2019-02-11T22:00:00.000000000Z,1.12767,1.13397,1.12578,1.13260,12874
289,2019-02-12T22:00:00.000000000Z,1.13264,1.13415,1.12602,1.12607,15439
290,2019-02-13T22:00:00.000000000Z,1.12602,1.13097,1.12493,1.12954,21092
291,2019-02-14T22:00:00.000000000Z,1.12948,1.13061,1.12343,1.12946,17353
292,2019-02-17T22:00:00.000000000Z,1.12926,1.13338,1.12896,1.13106,9514
293,2019-02-18T22:00:00.000000000Z,1.13118,1.13576,1.12756,1.13406,17461
294,2019-02-19T22:00:00.000000000Z,1.13419,1.13712,1.13250,1.13370,18772
295,2019-02-20T22:00:00.000000000Z,1.13378,1.13664,1.13204,1.13343,21729
296,2019-02-21T22:00:00.000000000Z,1.13385,1.13556,1.13162,1.13342,14898
297,2019-02-24T22:00:00.000000000Z,1.13359,1.13675,1.13286,1.13574,13830
298,2019-02-25T22:00:00.000000000Z,1.13616,1.14028,1.13453,1.13892,17286
299,2019-02-26T22:00:00.000000000Z,1.13894,1.14036,1.13624,1.13695,16900
300,2019-02-27T22:00:00.000000000Z,1.13673,1.14197,1.13596,1.13706,20344
301,2019-02-28T22:00:00.000000000Z,1.13706,1.14086,1.13532,1.13648,17278
302,2019-03-03T22:00:00.000000000Z,1.13828,1.13831,1.13092,1.13398,13541
303,2019-03-04T22:00:00.000000000Z,1.13396,1.13412,1.12896,1.13078,15716
304,2019-03-05T22:00:00.000000000Z,1.13078,1.13246,1.12854,1.13066,14393
305,2019-03-06T22:00:00.000000000Z,1.13072,1.13202,1.11764,1.11940,25478
306,2019-03-07T22:00:00.000000000Z,1.11937,1.12461,1.11854,1.12347,19054
307,2019-03-10T21:00:00.000000000Z,1.12336,1.12586,1.12218,1.12450,13375
308,2019-03-11T21:00:00.000000000Z,1.12452,1.13050,1.12452,1.12874,20105
309,2019-03-12T21:00:00.000000000Z,1.12864,1.13387,1.12776,1.13278,14718
310,2019-03-13T21:00:00.000000000Z,1.13296,1.13376,1.12942,1.13044,16036
311,2019-03-14T21:00:00.000000000Z,1.13032,1.13444,1.12998,1.13250,12998
312,2019-03-17T21:00:00.000000000Z,1.13226,1.13588,1.13194,1.13394,10656
313,2019-03-18T21:00:00.000000000Z,1.13354,1.13616,1.13338,1.13507,10636
314,2019-03-19T21:00:00.000000000Z,1.13521,1.14482,1.13358,1.14128,19452
315,2019-03-20T21:00:00.000000000Z,1.14128,1.14376,1.13428,1.13754,19644
316,2019-03-21T21:00:00.000000000Z,1.13749,1.13906,1.12736,1.13014,25251
317,2019-03-24T21:00:00.000000000Z,1.12930,1.13314,1.12892,1.13128,15789
318,2019-03-25T21:00:00.000000000Z,1.13108,1.13259,1.12634,1.12656,16060
319,2019-03-26T21:00:00.000000000Z,1.12650,1.12856,1.12423,1.12440,21214
320,2019-03-27T21:00:00.000000000Z,1.12452,1.12612,1.12137,1.12240,20207
321,2019-03-28T21:00:00.000000000Z,1.12217,1.12466,1.12100,1.12178,19942
322,2019-03-31T21:00:00.000000000Z,1.12296,1.12498,1.12041,1.12128,16328
323,2019-04-01T21:00:00.000000000Z,1.12125,1.12161,1.11839,1.12044,13928
324,2019-04-02T21:00:00.000000000Z,1.12042,1.12546,1.12010,1.12330,13767
325,2019-04-03T21:00:00.000000000Z,1.12330,1.12478,1.12061,1.12206,11388
326,2019-04-04T21:00:00.000000000Z,1.12197,1.12464,1.12103,1.12162,11740
327,2019-04-07T21:00:00.000000000Z,1.12176,1.12746,1.12144,1.12611,9177
328,2019-04-08T21:00:00.000000000Z,1.12629,1.12842,1.12553,1.12627,11146
329,2019-04-09T21:00:00.000000000Z,1.12627,1.12876,1.12298,1.12737,15079
330,2019-04-10T21:00:00.000000000Z,1.12734,1.12874,1.12500,1.12541,10608
331,2019-04-11T21:00:00.000000000Z,1.12536,1.13239,1.12536,1.12988,12464
332,2019-04-14T21:00:00.000000000Z,1.13046,1.13210,1.12976,1.13044,9631
333,2019-04-15T21:00:00.000000000Z,1.13042,1.13140,1.12796,1.12808,14524
334,2019-04-16T21:00:00.000000000Z,1.12828,1.13237,1.12788,1.12980,12141
335,2019-04-17T21:00:00.000000000Z,1.12962,1.13042,1.12263,1.12306,16438
336,2019-04-18T21:00:00.000000000Z,1.12310,1.12477,1.12290,1.12452,3379
337,2019-04-21T21:00:00.000000000Z,1.12447,1.12620,1.12360,1.12572,4239
338,2019-04-22T21:00:00.000000000Z,1.12572,1.12612,1.11924,1.12272,11482
339,2019-04-23T21:00:00.000000000Z,1.12268,1.12268,1.11406,1.11538,18309
340,2019-04-24T21:00:00.000000000Z,1.11538,1.11625,1.11184,1.11320,15505
341,2019-04-25T21:00:00.000000000Z,1.11320,1.11739,1.11115,1.11472,17895
342,2019-04-28T21:00:00.000000000Z,1.11465,1.11868,1.11452,1.11852,9923
343,2019-04-29T21:00:00.000000000Z,1.11854,1.12292,1.11760,1.12151,15722
344,2019-04-30T21:00:00.000000000Z,1.12151,1.12649,1.11873,1.11949,19826
345,2019-05-01T21:00:00.000000000Z,1.11962,1.12191,1.11710,1.11726,14734
346,2019-05-02T21:00:00.000000000Z,1.11722,1.12048,1.11354,1.12013,18001
347,2019-05-05T21:00:00.000000000Z,1.11738,1.12093,1.11708,1.11994,14192
348,2019-05-06T21:00:00.000000000Z,1.12004,1.12180,1.11666,1.11917,16102
349,2019-05-07T21:00:00.000000000Z,1.11912,1.12136,1.11829,1.11921,18556
350,2019-05-08T21:00:00.000000000Z,1.11914,1.12510,1.11736,1.12132,21220
351,2019-05-09T21:00:00.000000000Z,1.12168,1.12536,1.12142,1.12336,17069
352,2019-05-12T21:00:00.000000000Z,1.12348,1.12636,1.12222,1.12231,14941
353,2019-05-13T21:00:00.000000000Z,1.12227,1.12438,1.12012,1.12040,12471
354,2019-05-14T21:00:00.000000000Z,1.12040,1.12246,1.11780,1.12017,15907
355,2019-05-15T21:00:00.000000000Z,1.12017,1.12240,1.11664,1.11736,12018
356,2019-05-16T21:00:00.000000000Z,1.11747,1.11843,1.11553,1.11574,13348
357,2019-05-19T21:00:00.000000000Z,1.11610,1.11748,1.11508,1.11659,9247
358,2019-05-20T21:00:00.000000000Z,1.11664,1.11880,1.11420,1.11613,12979
359,2019-05-21T21:00:00.000000000Z,1.11606,1.11802,1.11488,1.11507,9933
360,2019-05-22T21:00:00.000000000Z,1.11507,1.11876,1.11072,1.11818,16500
361,2019-05-23T21:00:00.000000000Z,1.11812,1.12121,1.11737,1.12038,11407
362,2019-05-26T21:00:00.000000000Z,1.12099,1.12152,1.11872,1.11932,4665
363,2019-05-27T21:00:00.000000000Z,1.11932,1.11984,1.11594,1.11602,11949
364,2019-05-28T21:00:00.000000000Z,1.11608,1.11724,1.11244,1.11310,13410
365,2019-05-29T21:00:00.000000000Z,1.11322,1.11433,1.11162,1.11292,10043
366,2019-05-30T21:00:00.000000000Z,1.11292,1.11797,1.11252,1.11688,17523
367,2019-06-02T21:00:00.000000000Z,1.11664,1.12620,1.11603,1.12416,17768
368,2019-06-03T21:00:00.000000000Z,1.12416,1.12774,1.12265,1.12520,21230
369,2019-06-04T21:00:00.000000000Z,1.12514,1.13068,1.12198,1.12210,24598
370,2019-06-05T21:00:00.000000000Z,1.12220,1.13090,1.12018,1.12754,27366
371,2019-06-06T21:00:00.000000000Z,1.12780,1.13478,1.12514,1.13333,21464
372,2019-06-09T21:00:00.000000000Z,1.13213,1.13311,1.12901,1.13116,12089
373,2019-06-10T21:00:00.000000000Z,1.13119,1.13376,1.13013,1.13260,15691
374,2019-06-11T21:00:00.000000000Z,1.13270,1.13434,1.12825,1.12874,16707
375,2019-06-12T21:00:00.000000000Z,1.12878,1.13036,1.12686,1.12764,12847
376,2019-06-13T21:00:00.000000000Z,1.12772,1.12892,1.12025,1.12096,17189
377,2019-06-16T21:00:00.000000000Z,1.12108,1.12470,1.12039,1.12180,10145
378,2019-06-17T21:00:00.000000000Z,1.12186,1.12428,1.11816,1.11942,24577
379,2019-06-18T21:00:00.000000000Z,1.11936,1.12540,1.11873,1.12262,23981
380,2019-06-19T21:00:00.000000000Z,1.12264,1.13174,1.12264,1.12916,23056
381,2019-06-20T21:00:00.000000000Z,1.12931,1.13778,1.12831,1.13688,22908
382,2019-06-23T21:00:00.000000000Z,1.13719,1.14041,1.13672,1.13988,14734
383,2019-06-24T21:00:00.000000000Z,1.13984,1.14122,1.13442,1.13672,24429
384,2019-06-25T21:00:00.000000000Z,1.13672,1.13914,1.13476,1.13686,18436
385,2019-06-26T21:00:00.000000000Z,1.13690,1.13815,1.13479,1.13694,16530
386,2019-06-27T21:00:00.000000000Z,1.13688,1.13935,1.13508,1.13721,15968
387,2019-06-30T21:00:00.000000000Z,1.13614,1.13711,1.12812,1.12856,18780
388,2019-07-01T21:00:00.000000000Z,1.12856,1.13214,1.12752,1.12860,15567
389,2019-07-02T21:00:00.000000000Z,1.12860,1.13123,1.12689,1.12770,14593
390,2019-07-03T21:00:00.000000000Z,1.12780,1.12952,1.12733,1.12847,5731
391,2019-07-04T21:00:00.000000000Z,1.12841,1.12878,1.12076,1.12255,15161
392,2019-07-07T21:00:00.000000000Z,1.12248,1.12344,1.12071,1.12144,9091
393,2019-07-08T21:00:00.000000000Z,1.12144,1.12188,1.11935,1.12078,9269
394,2019-07-09T21:00:00.000000000Z,1.12075,1.12643,1.12020,1.12505,16374
395,2019-07-10T21:00:00.000000000Z,1.12516,1.12858,1.12454,1.12537,16576
396,2019-07-11T21:00:00.000000000Z,1.12542,1.12750,1.12382,1.12706,12671
397,2019-07-14T21:00:00.000000000Z,1.12705,1.12839,1.12532,1.12578,9183
398,2019-07-15T21:00:00.000000000Z,1.12578,1.12635,1.12020,1.12102,12021
399,2019-07-16T21:00:00.000000000Z,1.12105,1.12336,1.11998,1.12242,9253
400,2019-07-17T21:00:00.000000000Z,1.12246,1.12804,1.12052,1.12770,17359
401,2019-07-18T21:00:00.000000000Z,1.12770,1.12821,1.12036,1.12206,16321
402,2019-07-21T21:00:00.000000000Z,1.12175,1.12254,1.12063,1.12089,9204
403,2019-07-22T21:00:00.000000000Z,1.12094,1.12096,1.11460,1.11515,10182
404,2019-07-23T21:00:00.000000000Z,1.11518,1.11558,1.11270,1.11394,12158
405,2019-07-24T21:00:00.000000000Z,1.11409,1.11877,1.11014,1.11474,25335
406,2019-07-25T21:00:00.000000000Z,1.11463,1.11512,1.11120,1.11280,12091
407,2019-07-28T21:00:00.000000000Z,1.11252,1.11508,1.11130,1.11452,8828
408,2019-07-29T21:00:00.000000000Z,1.11450,1.11612,1.11321,1.11557,11922
409,2019-07-30T21:00:00.000000000Z,1.11552,1.11620,1.10604,1.10766,29431
410,2019-07-31T21:00:00.000000000Z,1.10766,1.10958,1.10270,1.10850,29981
411,2019-08-01T21:00:00.000000000Z,1.10831,1.11164,1.10698,1.11084,29253
412,2019-08-04T21:00:00.000000000Z,1.11045,1.12132,1.11045,1.12030,24695
413,2019-08-05T21:00:00.000000000Z,1.12048,1.12496,1.11676,1.12018,23369
414,2019-08-06T21:00:00.000000000Z,1.12004,1.12418,1.11795,1.11990,28877
415,2019-08-07T21:00:00.000000000Z,1.11985,1.12313,1.11773,1.11796,23272
416,2019-08-08T21:00:00.000000000Z,1.11837,1.12231,1.11803,1.12001,16422
417,2019-08-11T21:00:00.000000000Z,1.11980,1.12308,1.11620,1.12138,15039
418,2019-08-12T21:00:00.000000000Z,1.12130,1.12285,1.11700,1.11716,24507
419,2019-08-13T21:00:00.000000000Z,1.11712,1.11908,1.11307,1.11392,18516
420,2019-08-14T21:00:00.000000000Z,1.11392,1.11584,1.10914,1.11099,24309
421,2019-08-15T21:00:00.000000000Z,1.11055,1.11123,1.10665,1.10904,15586
422,2019-08-18T21:00:00.000000000Z,1.10942,1.11139,1.10764,1.10782,10531
423,2019-08-19T21:00:00.000000000Z,1.10784,1.11068,1.10657,1.11008,11445
424,2019-08-20T21:00:00.000000000Z,1.10998,1.11072,1.10809,1.10845,9898
425,2019-08-21T21:00:00.000000000Z,1.10858,1.11132,1.10637,1.10796,16385
426,2019-08-22T21:00:00.000000000Z,1.10816,1.11532,1.10518,1.11434,23247
427,2019-08-25T21:00:00.000000000Z,1.11522,1.11641,1.10944,1.11002,25073
428,2019-08-26T21:00:00.000000000Z,1.11026,1.11160,1.10858,1.10902,14568
429,2019-08-27T21:00:00.000000000Z,1.10909,1.10981,1.10732,1.10777,13132
430,2019-08-28T21:00:00.000000000Z,1.10782,1.10925,1.10420,1.10568,15819
431,2019-08-29T21:00:00.000000000Z,1.10568,1.10604,1.09632,1.09905,17510
432,2019-09-01T21:00:00.000000000Z,1.09894,1.09968,1.09580,1.09698,8477
433,2019-09-02T21:00:00.000000000Z,1.09698,1.09788,1.09262,1.09739,18915
434,2019-09-03T21:00:00.000000000Z,1.09729,1.10383,1.09688,1.10348,15373
435,2019-09-04T21:00:00.000000000Z,1.10352,1.10848,1.10167,1.10346,16970
436,2019-09-05T21:00:00.000000000Z,1.10346,1.10574,1.10204,1.10279,16916
437,2019-09-08T21:00:00.000000000Z,1.10256,1.10680,1.10156,1.10472,12563
438,2019-09-09T21:00:00.000000000Z,1.10472,1.10594,1.10306,1.10431,12412
439,2019-09-10T21:00:00.000000000Z,1.10445,1.10556,1.09854,1.10104,12452
440,2019-09-11T21:00:00.000000000Z,1.10096,1.10873,1.09268,1.10638,39606
441,2019-09-12T21:00:00.000000000Z,1.10663,1.11096,1.10556,1.10743,18456
442,2019-09-15T21:00:00.000000000Z,1.10748,1.10864,1.09937,1.10033,16309
443,2019-09-16T21:00:00.000000000Z,1.10006,1.10746,1.09903,1.10724,18085
444,2019-09-17T21:00:00.000000000Z,1.10718,1.10756,1.10139,1.10297,20571
445,2019-09-18T21:00:00.000000000Z,1.10290,1.10734,1.10229,1.10408,16625
446,2019-09-19T21:00:00.000000000Z,1.10413,1.10676,1.09964,1.10182,15976
447,2019-09-22T21:00:00.000000000Z,1.10163,1.10255,1.09662,1.09932,16908
448,2019-09-23T21:00:00.000000000Z,1.09937,1.10242,1.09839,1.10200,15810
449,2019-09-24T21:00:00.000000000Z,1.10205,1.10222,1.09376,1.09431,15524
450,2019-09-25T21:00:00.000000000Z,1.09431,1.09675,1.09088,1.09204,16506
451,2019-09-26T21:00:00.000000000Z,1.09194,1.09587,1.09048,1.09404,15818
452,2019-09-27T21:00:00.000000000Z,1.09410,1.09410,1.09410,1.09410,1
453,2019-09-29T21:00:00.000000000Z,1.09420,1.09480,1.08847,1.08986,14130
454,2019-09-30T21:00:00.000000000Z,1.09002,1.09429,1.08792,1.09323,25516
455,2019-10-01T21:00:00.000000000Z,1.09336,1.09638,1.09042,1.09590,14783
456,2019-10-02T21:00:00.000000000Z,1.09602,1.09994,1.09411,1.09634,18688
457,2019-10-03T21:00:00.000000000Z,1.09650,1.09982,1.09572,1.09782,17610
458,2019-10-06T21:00:00.000000000Z,1.09824,1.10004,1.09620,1.09708,12090
459,2019-10-07T21:00:00.000000000Z,1.09708,1.09962,1.09410,1.09560,18019
460,2019-10-08T21:00:00.000000000Z,1.09560,1.09902,1.09530,1.09701,12214
461,2019-10-09T21:00:00.000000000Z,1.09717,1.10338,1.09713,1.10050,20404
462,2019-10-10T21:00:00.000000000Z,1.10054,1.10628,1.10008,1.10384,24920
463,2019-10-13T21:00:00.000000000Z,1.10330,1.10428,1.10127,1.10268,11575
464,2019-10-14T21:00:00.000000000Z,1.10278,1.10461,1.09914,1.10323,21223
465,2019-10-15T21:00:00.000000000Z,1.10305,1.10858,1.10224,1.10716,23068
466,2019-10-16T21:00:00.000000000Z,1.10728,1.11399,1.10651,1.11244,21632
467,2019-10-17T21:00:00.000000000Z,1.11244,1.11724,1.11148,1.11708,13176
468,2019-10-20T21:00:00.000000000Z,1.11708,1.11794,1.11386,1.11497,10038
469,2019-10-21T21:00:00.000000000Z,1.11494,1.11569,1.11178,1.11252,14160
470,2019-10-22T21:00:00.000000000Z,1.11252,1.11404,1.11061,1.11309,9737
471,2019-10-23T21:00:00.000000000Z,1.11314,1.11628,1.10931,1.11046,16393
472,2019-10-24T21:00:00.000000000Z,1.11052,1.11230,1.10730,1.10795,8795
473,2019-10-27T21:00:00.000000000Z,1.10804,1.11066,1.10764,1.10997,8160
474,2019-10-28T21:00:00.000000000Z,1.10994,1.11185,1.10737,1.11113,10538
475,2019-10-29T21:00:00.000000000Z,1.11117,1.11516,1.10801,1.11503,18842
476,2019-10-30T21:00:00.000000000Z,1.11499,1.11756,1.11317,1.11514,17347
477,2019-10-31T21:00:00.000000000Z,1.11514,1.11718,1.11282,1.11654,14603
478,2019-11-03T22:00:00.000000000Z,1.11692,1.11756,1.11248,1.11282,10780
479,2019-11-04T22:00:00.000000000Z,1.11282,1.11403,1.10637,1.10742,15313
480,2019-11-05T22:00:00.000000000Z,1.10744,1.10928,1.10651,1.10664,10889
481,2019-11-06T22:00:00.000000000Z,1.10680,1.10917,1.10360,1.10498,17423
482,2019-11-07T22:00:00.000000000Z,1.10494,1.10555,1.10168,1.10192,11193
483,2019-11-10T22:00:00.000000000Z,1.10246,1.10430,1.10164,1.10332,7152
484,2019-11-11T22:00:00.000000000Z,1.10332,1.10386,1.10026,1.10090,10506
485,2019-11-12T22:00:00.000000000Z,1.10092,1.10204,1.09956,1.10068,11458
486,2019-11-13T22:00:00.000000000Z,1.10054,1.10277,1.09891,1.10210,10363
487,2019-11-14T22:00:00.000000000Z,1.10210,1.10569,1.10147,1.10514,7957
488,2019-11-17T22:00:00.000000000Z,1.10517,1.10900,1.10502,1.10733,8292
489,2019-11-18T22:00:00.000000000Z,1.10718,1.10840,1.10627,1.10783,7294
490,2019-11-19T22:00:00.000000000Z,1.10776,1.10813,1.10532,1.10724,10412
491,2019-11-20T22:00:00.000000000Z,1.10731,1.10970,1.10522,1.10582,9515
492,2019-11-21T22:00:00.000000000Z,1.10587,1.10876,1.10146,1.10198,11765
493,2019-11-24T22:00:00.000000000Z,1.10176,1.10322,1.10036,1.10115,8904
494,2019-11-25T22:00:00.000000000Z,1.10137,1.10256,1.10072,1.10216,9061
495,2019-11-26T22:00:00.000000000Z,1.10214,1.10246,1.09924,1.09988,9158
496,2019-11-27T22:00:00.000000000Z,1.10044,1.10178,1.10001,1.10091,6484
497,2019-11-28T22:00:00.000000000Z,1.10101,1.10284,1.09812,1.10191,7672
498,2019-12-01T22:00:00.000000000Z,1.10242,1.10898,1.10031,1.10792,11033
499,2019-12-02T22:00:00.000000000Z,1.10792,1.10936,1.10660,1.10822,10303
500,2019-12-03T22:00:00.000000000Z,1.10822,1.11163,1.10668,1.10775,13155
501,2019-12-04T22:00:00.000000000Z,1.10780,1.11080,1.10780,1.11040,9141
502,2019-12-05T22:00:00.000000000Z,1.11040,1.11096,1.10400,1.10599,10222
503,2019-12-08T22:00:00.000000000Z,1.10599,1.10780,1.10534,1.10638,5884
504,2019-12-09T22:00:00.000000000Z,1.10642,1.10977,1.10629,1.10932,8015
505,2019-12-10T22:00:00.000000000Z,1.10926,1.11448,1.10704,1.11299,11909
506,2019-12-11T22:00:00.000000000Z,1.11302,1.11544,1.11030,1.11308,16882
507,2019-12-12T22:00:00.000000000Z,1.11540,1.11996,1.11122,1.11209,27846
508,2019-12-15T22:00:00.000000000Z,1.11289,1.11580,1.11229,1.11440,10448
509,2019-12-16T22:00:00.000000000Z,1.11456,1.11746,1.11294,1.11509,11699
510,2019-12-17T22:00:00.000000000Z,1.11503,1.11542,1.11106,1.11138,9511
511,2019-12-18T22:00:00.000000000Z,1.11134,1.11443,1.11074,1.11208,11117
512,2019-12-19T22:00:00.000000000Z,1.11219,1.11252,1.10664,1.10765,9282
513,2019-12-22T22:00:00.000000000Z,1.10810,1.10958,1.10700,1.10896,8254
514,2019-12-23T22:00:00.000000000Z,1.10896,1.10940,1.10691,1.10882,7187
515,2019-12-25T22:00:00.000000000Z,1.10882,1.11090,1.10824,1.10966,3177
516,2019-12-26T22:00:00.000000000Z,1.10986,1.11883,1.10964,1.11758,12157
517,2019-12-29T22:00:00.000000000Z,1.11773,1.12208,1.11718,1.11992,12912
518,2019-12-30T22:00:00.000000000Z,1.12012,1.12392,1.11980,1.12120,12004
519,2020-01-01T22:00:00.000000000Z,1.12124,1.12247,1.11636,1.11728,12704
520,2020-01-02T22:00:00.000000000Z,1.11728,1.11799,1.11249,1.11592,14490
521,2020-01-05T22:00:00.000000000Z,1.11665,1.12056,1.11573,1.11972,10729
522,2020-01-06T22:00:00.000000000Z,1.11950,1.11974,1.11336,1.11512,13260
523,2020-01-07T22:00:00.000000000Z,1.11506,1.11684,1.11016,1.11038,19074
524,2020-01-08T22:00:00.000000000Z,1.11052,1.11204,1.10926,1.11062,11044
525,2020-01-09T22:00:00.000000000Z,1.11051,1.11290,1.10851,1.11205,11269
526,2020-01-12T22:00:00.000000000Z,1.11205,1.11472,1.11126,1.11346,36632
527,2020-01-13T22:00:00.000000000Z,1.11351,1.11446,1.11044,1.11274,44621
528,2020-01-14T22:00:00.000000000Z,1.11280,1.11636,1.11184,1.11499,38985
529,2020-01-15T22:00:00.000000000Z,1.11496,1.11726,1.11279,1.11364,41949
530,2020-01-16T22:00:00.000000000Z,1.11370,1.11426,1.10864,1.10902,38183
531,2020-01-19T22:00:00.000000000Z,1.10930,1.11026,1.10766,1.10950,22822
532,2020-01-20T22:00:00.000000000Z,1.10945,1.11180,1.10811,1.10822,38986
533,2020-01-21T22:00:00.000000000Z,1.10867,1.10984,1.10702,1.10936,41211
534,2020-01-22T22:00:00.000000000Z,1.10932,1.11088,1.10364,1.10563,58325
535,2020-01-23T22:00:00.000000000Z,1.10558,1.10618,1.10198,1.10252,46040
536,2020-01-26T22:00:00.000000000Z,1.10342,1.10376,1.10098,1.10188,42617
537,2020-01-27T22:00:00.000000000Z,1.10188,1.10254,1.09980,1.10221,37630
538,2020-01-28T22:00:00.000000000Z,1.10223,1.10277,1.09924,1.10111,38930
539,2020-01-29T22:00:00.000000000Z,1.10106,1.10394,1.10069,1.10316,47467
540,2020-01-30T22:00:00.000000000Z,1.10320,1.10956,1.10171,1.10945,51966
541,2020-02-02T22:00:00.000000000Z,1.10956,1.10956,1.10355,1.10607,52067
542,2020-02-03T22:00:00.000000000Z,1.10602,1.10642,1.10330,1.10444,46425
543,2020-02-04T22:00:00.000000000Z,1.10446,1.10480,1.09937,1.09987,50768
544,2020-02-05T22:00:00.000000000Z,1.09984,1.10140,1.09646,1.09816,45243
545,2020-02-06T22:00:00.000000000Z,1.09822,1.09850,1.09420,1.09463,55337
546,2020-02-09T22:00:00.000000000Z,1.09450,1.09576,1.09078,1.09107,39485
547,2020-02-10T22:00:00.000000000Z,1.09107,1.09249,1.08914,1.09153,43638
548,2020-02-11T22:00:00.000000000Z,1.09154,1.09256,1.08654,1.08734,44921
549,2020-02-12T22:00:00.000000000Z,1.08737,1.08889,1.08340,1.08400,46598
550,2020-02-13T22:00:00.000000000Z,1.08408,1.08612,1.08273,1.08310,40667
551,2020-02-16T22:00:00.000000000Z,1.08420,1.08511,1.08293,1.08351,24244
552,2020-02-17T22:00:00.000000000Z,1.08355,1.08375,1.07855,1.07916,51028
553,2020-02-18T22:00:00.000000000Z,1.07923,1.08118,1.07822,1.08064,46917
554,2020-02-19T22:00:00.000000000Z,1.08056,1.08212,1.07780,1.07848,61577
555,2020-02-20T22:00:00.000000000Z,1.07848,1.08636,1.07848,1.08474,62556
556,2020-02-23T22:00:00.000000000Z,1.08149,1.08721,1.08051,1.08542,81578
557,2020-02-24T22:00:00.000000000Z,1.08528,1.08904,1.08302,1.08813,89605
558,2020-02-25T22:00:00.000000000Z,1.08813,1.09090,1.08551,1.08804,94587
559,2020-02-26T22:00:00.000000000Z,1.08833,1.10066,1.08791,1.10010,120016
560,2020-02-27T22:00:00.000000000Z,1.09998,1.10532,1.09510,1.10277,154999
561,2020-03-01T22:00:00.000000000Z,1.10446,1.11848,1.10364,1.11327,175716
562,2020-03-02T22:00:00.000000000Z,1.11334,1.12139,1.10954,1.11728,168508
563,2020-03-03T22:00:00.000000000Z,1.11728,1.11876,1.10955,1.11356,108592
564,2020-03-04T22:00:00.000000000Z,1.11362,1.12450,1.11196,1.12362,109486
565,2020-03-05T22:00:00.000000000Z,1.12399,1.13548,1.12116,1.12839,197876
566,2020-03-08T21:00:00.000000000Z,1.13510,1.14963,1.13356,1.14400,237991
567,2020-03-09T21:00:00.000000000Z,1.14400,1.14584,1.12749,1.12808,266055
568,2020-03-10T21:00:00.000000000Z,1.12808,1.13667,1.12575,1.12697,200209
569,2020-03-11T21:00:00.000000000Z,1.12697,1.13338,1.10554,1.11858,251527
570,2020-03-12T21:00:00.000000000Z,1.11858,1.12213,1.10550,1.11054,192719
571,2020-03-15T21:00:00.000000000Z,1.10692,1.12367,1.10692,1.11827,259307
572,2020-03-16T21:00:00.000000000Z,1.11827,1.11894,1.09548,1.09970,223099
573,2020-03-17T21:00:00.000000000Z,1.09970,1.10453,1.08018,1.09158,247909
574,2020-03-18T21:00:00.000000000Z,1.09153,1.09817,1.06551,1.06926,302305
575,2020-03-19T21:00:00.000000000Z,1.06922,1.08312,1.06377,1.06964,261510
576,2020-03-22T21:00:00.000000000Z,1.07077,1.08284,1.06360,1.07264,244301
577,2020-03-23T21:00:00.000000000Z,1.07264,1.08880,1.07230,1.07886,181210
578,2020-03-24T21:00:00.000000000Z,1.07886,1.08940,1.07605,1.08822,170729
579,2020-03-25T21:00:00.000000000Z,1.08822,1.10588,1.08702,1.10325,173865
580,2020-03-26T21:00:00.000000000Z,1.10325,1.11476,1.09536,1.11415,169217
581,2020-03-29T21:00:00.000000000Z,1.11194,1.11448,1.10100,1.10464,135178
582,2020-03-30T21:00:00.000000000Z,1.10464,1.10535,1.09267,1.10336,173820
583,2020-03-31T21:00:00.000000000Z,1.10336,1.10387,1.09028,1.09632,130418
584,2020-04-01T21:00:00.000000000Z,1.09632,1.09684,1.08208,1.08576,133964
585,2020-04-02T21:00:00.000000000Z,1.08580,1.08648,1.07728,1.08056,110597
586,2020-04-05T21:00:00.000000000Z,1.08090,1.08356,1.07684,1.07930,100143
587,2020-04-06T21:00:00.000000000Z,1.07930,1.09265,1.07836,1.08918,111064
588,2020-04-07T21:00:00.000000000Z,1.08918,1.09021,1.08301,1.08570,98504
589,2020-04-08T21:00:00.000000000Z,1.08570,1.09518,1.08410,1.09293,112281
590,2020-04-09T21:00:00.000000000Z,1.09293,1.09530,1.09198,1.09357,16319
591,2020-04-12T21:00:00.000000000Z,1.09490,1.09679,1.08926,1.09111,59415
592,2020-04-13T21:00:00.000000000Z,1.09111,1.09872,1.09061,1.09810,90557
593,2020-04-14T21:00:00.000000000Z,1.09810,1.09911,1.08565,1.09106,92509
594,2020-04-15T21:00:00.000000000Z,1.09106,1.09112,1.08168,1.08395,99349
595,2020-04-16T21:00:00.000000000Z,1.08395,1.08925,1.08120,1.08739,98481
596,2020-04-19T21:00:00.000000000Z,1.08710,1.08968,1.08412,1.08630,76672
597,2020-04-20T21:00:00.000000000Z,1.08630,1.08804,1.08165,1.08578,94433
598,2020-04-21T21:00:00.000000000Z,1.08578,1.08854,1.08032,1.08236,66606
599,2020-04-22T21:00:00.000000000Z,1.08230,1.08468,1.07562,1.07777,104725
600,2020-04-23T21:00:00.000000000Z,1.07770,1.08298,1.07272,1.08232,85765
601,2020-04-26T21:00:00.000000000Z,1.08228,1.08604,1.08114,1.08288,73064
602,2020-04-27T21:00:00.000000000Z,1.08288,1.08886,1.08096,1.08201,77732
603,2020-04-28T21:00:00.000000000Z,1.08208,1.08858,1.08189,1.08758,83074
604,2020-04-29T21:00:00.000000000Z,1.08758,1.09725,1.08330,1.09520,117964
605,2020-04-30T21:00:00.000000000Z,1.09548,1.10192,1.09346,1.09794,71075
